60 728378
23394
158
2334
27245
7915
287
288
29123
23229
57492
170302 10054 170640
55870
80816
546
26053 282553
1175
29994
10295
53335
673
9024
773
775
777
55799
4076
8573
54897
6792
56853
283489
1106 1826
1107
55636 338420
57680
23152 93977
4849
1387
7812
10664
1499
8452
11151
1654
10522
1717
23181
1742 3996
1760 60405
1788
1808
1826
1778
1859
22924 253738 276717
79813
8666
1995
2033
2332 108684022 106478973 2477
2290 2291
27086
93986 27323
2562
2561
64599
26058
2891
2670
2770
2904
3069
283450
3097
3188
3192
3265
23096
64207
284058
83473
3745
3786
51780
10765
8242
23135
9778
4297
58508
55904
51111
8216
54551
55777
79143
4204
8861 9079
57689
9969
23389
4208
4212 56908
283078
4130 23173
23040 4662
80155
112939
26960
10787
4763
25836
10943
8648
57555
54413
57502
4306
4929
9378
9379
9369
64324
9631
55690
5053
5079
5096
57526 57575 89774
5252 5253
51317
23469
55023 83843
57649
4864 23126
55624
5528
57479
5718
139411
5728
5754
5781
84687 5508
5536
10743 1797 493901
5649
473
5991
22999
6096
6323
6304
6326 6325
6334
26040
29072
55209
22941 170817
85358
25942
6497
6529
10479 84679
6595
6597
6601
6651 54066
6660
6683
10847
6812
6853 9623
8831
6734
26115
57551
93627
79718
10716
6942
6934 6925
6934
11011
7010
9777
84231
7204
9320
7248 10344
7249
57616
7337
65109
373
8239
7716
157680
51322 119165
23001
197131 64703
26137
23036
58499
23613
